[0/1] C:\windows\system32\cmd.exe /C "cd /D C:\Users\RUCO1621\Desktop\ECL5\esp32s3_lcd_i80_ssd1963\build && C:\Espressif\tools\cmake\3.30.2\bin\cmake.exe -D IDF_SIZE_TOOL=C:/Espressif/python_env/idf5.4_py3.11_env/Scripts/python.exe;-m;esp_idf_size -D IDF_SIZE_MODE=--archives -D MAP_FILE=C:/Users/RUCO1621/Desktop/ECL5/esp32s3_lcd_i80_ssd1963/build/display_lvgl_demos.map -D OUTPUT_JSON= -P C:/Users/RUCO1621/esp/v5.4.2/esp-idf/tools/cmake/run_size_tool.cmake"
                                                                           Per-archive contributions to ELF file                                                                           
+-----------------------------------------------------------------------------------------------------------------------------------------------------------------------------------------+
| Archive File                    | Total Size | DIRAM | .bss | .data | .text | .vectors | Flash Code |  .text | Flash Data | .rodata | .appdesc | RTC FAST | .rtc_reserved | .force_fast |
|---------------------------------+------------+-------+------+-------+-------+----------+------------+--------+------------+---------+----------+----------+---------------+-------------|
| libmain.a                       |     991396 |   563 |  382 |    97 |    84 |        0 |       7730 |   7730 |     983103 |  983103 |        0 |        0 |             0 |           0 |
| liblvgl.a                       |     250612 | 63518 |  460 |   108 | 62950 |        0 |     169340 | 169340 |      17754 |   17754 |        0 |        0 |             0 |           0 |
| libc.a                          |      59056 |   584 |  320 |   264 |     0 |        0 |      54511 |  54511 |       3961 |    3961 |        0 |        0 |             0 |           0 |
| libesp_timer.a                  |      39369 |   768 |   36 |    32 |   700 |        0 |       1366 |   1366 |      37235 |   37235 |        0 |        0 |             0 |           0 |
| libesp_hw_support.a             |      30568 |  9361 |  173 |   509 |  8679 |        0 |      19879 |  19879 |       1276 |    1276 |        0 |       52 |            24 |          28 |
| libfreertos.a                   |      18324 | 16839 |  757 |  3100 | 12982 |        0 |        487 |    487 |        998 |     998 |        0 |        0 |             0 |           0 |
| libhal.a                        |      15807 | 12658 |    4 |  4715 |  7939 |        0 |       3095 |   3095 |         54 |      54 |        0 |        0 |             0 |           0 |
| libesp_system.a                 |      15094 |  5566 |  301 |   516 |  4749 |        0 |       8857 |   8857 |        671 |     671 |        0 |        0 |             0 |           0 |
| libspi_flash.a                  |      12470 | 10870 |   28 |  1932 |  8910 |        0 |       1194 |   1194 |        406 |     406 |        0 |        0 |             0 |           0 |
| libheap.a                       |      10309 |  6263 |    8 |    12 |  6243 |        0 |       3160 |   3160 |        886 |     886 |        0 |        0 |             0 |           0 |
| libesp_driver_uart.a            |       6731 |   312 |   32 |   280 |     0 |        0 |       5895 |   5895 |        524 |     524 |        0 |        0 |             0 |           0 |
| libesp_lcd.a                    |       6693 |   427 |    0 |    12 |   415 |        0 |       5714 |   5714 |        552 |     552 |        0 |        0 |             0 |           0 |
| libesp_driver_gpio.a            |       5428 |    36 |    0 |    36 |     0 |        0 |       4828 |   4828 |        564 |     564 |        0 |        0 |             0 |           0 |
| libm.a                          |       5196 |     0 |    0 |     0 |     0 |        0 |       4724 |   4724 |        472 |     472 |        0 |        0 |             0 |           0 |
| libesp32_s3_lcd_ev_board.a      |       5014 |    40 |    2 |    38 |     0 |        0 |       4447 |   4447 |        527 |     527 |        0 |        0 |             0 |           0 |
| libesp_psram.a                  |       4040 |  2530 |   98 |    14 |  2418 |        0 |       1373 |   1373 |        137 |     137 |        0 |        0 |             0 |           0 |
| libesp_mm.a                     |       4011 |  1304 |   48 |    78 |  1178 |        0 |       2457 |   2457 |        250 |     250 |        0 |        0 |             0 |           0 |
| libvfs.a                        |       3994 |   236 |   44 |   192 |     0 |        0 |       3615 |   3615 |        143 |     143 |        0 |        0 |             0 |           0 |
| libxtensa.a                     |       3688 |  3541 |    0 |  1060 |  2057 |      424 |         99 |     99 |         48 |      48 |        0 |        0 |             0 |           0 |
| libnewlib.a                     |       3490 |  2181 |  200 |   172 |  1809 |        0 |       1198 |   1198 |        111 |     111 |        0 |        0 |             0 |           0 |
| libsoc.a                        |       2104 |     0 |    0 |     0 |     0 |        0 |          0 |      0 |       2104 |    2104 |        0 |        0 |             0 |           0 |
| liblvgl_port_lib.a              |       2086 |    36 |   36 |     0 |     0 |        0 |       1912 |   1912 |        138 |     138 |        0 |        0 |             0 |           0 |
| libesp_driver_usb_serial_jtag.a |       2078 |   176 |   17 |    56 |   103 |        0 |       1750 |   1750 |        152 |     152 |        0 |        0 |             0 |           0 |
| libesp_ringbuf.a                |       1340 |  1198 |    0 |     0 |  1198 |        0 |          0 |      0 |        142 |     142 |        0 |        0 |             0 |           0 |
| liblog.a                        |       1113 |   616 |  272 |     8 |   336 |        0 |        473 |    473 |         24 |      24 |        0 |        0 |             0 |           0 |
| libesp_partition.a              |       1016 |     8 |    8 |     0 |     0 |        0 |        971 |    971 |         37 |      37 |        0 |        0 |             0 |           0 |
| libbootloader_support.a         |       1004 |   930 |    0 |     0 |   930 |        0 |         34 |     34 |         40 |      40 |        0 |        0 |             0 |           0 |
| libesp_rom.a                    |        791 |   727 |    0 |     4 |   723 |        0 |         64 |     64 |          0 |       0 |        0 |        0 |             0 |           0 |
| libesp_vfs_console.a            |        649 |    16 |   16 |     0 |     0 |        0 |        453 |    453 |        180 |     180 |        0 |        0 |             0 |           0 |
| libesp_app_format.a             |        620 |    10 |   10 |     0 |     0 |        0 |        346 |    346 |        264 |       8 |      256 |        0 |             0 |           0 |
| libesp_common.a                 |        493 |     0 |    0 |     0 |     0 |        0 |         47 |     47 |        446 |     446 |        0 |        0 |             0 |           0 |
| libxt_hal.a                     |        437 |   405 |    0 |     0 |   405 |        0 |          0 |      0 |         32 |      32 |        0 |        0 |             0 |           0 |
| libefuse.a                      |        253 |     0 |    0 |     0 |     0 |        0 |        229 |    229 |         24 |      24 |        0 |        0 |             0 |           0 |
| libapp_update.a                 |        192 |     4 |    4 |     0 |     0 |        0 |        158 |    158 |         30 |      30 |        0 |        0 |             0 |           0 |
| libpthread.a                    |         25 |     0 |    0 |     0 |     0 |        0 |         25 |     25 |          0 |       0 |        0 |        0 |             0 |           0 |
| libesp_pm.a                     |         24 |    16 |    0 |     0 |    16 |        0 |          8 |      8 |          0 |       0 |        0 |        0 |             0 |           0 |
| libesp_security.a               |         20 |     0 |    0 |     0 |     0 |        0 |         12 |     12 |          8 |       8 |        0 |        0 |             0 |           0 |
| libcxx.a                        |         10 |     0 |    0 |     0 |     0 |        0 |         10 |     10 |          0 |       0 |        0 |        0 |             0 |           0 |
| (exe)                           |          3 |     3 |    0 |     0 |     0 |        3 |          0 |      0 |          0 |       0 |        0 |        0 |             0 |           0 |
+-----------------------------------------------------------------------------------------------------------------------------------------------------------------------------------------+
